1405 7.5 11.3 0.8 1.9
1415 7.2 11.7 0.0 0.0
1425 7.0 11.4 0.7 1.7
1435 7.1 11.5 0.7 1.7
1445 4.9 9.2 0.7 1.5
1455 5.5 9.8 0.0 0.0
1465 6.0 10.3 0.8 1.6
1475 5.0 9.3 0.4 1.3
1485 4.7 8.9 0.0 0.0
1495 4.3 8.5 0.4 1.3
1505 4.0 8.2 0.3 1.2
1515 3.5 7.6 0.2 1.1
1525 3.5 7.7 0.2 1.1
1535 4.2 8.5 0.2 1.2
1545 4.9 9.2 0.3 1.3
1555 6.2 10.5 0.3 1.5
1565 7.4 11.8 0.3 1.7
1575 6.9 11.3 0.4 1.6
1585 6.3 10.7 0.3 1.5
1595 6.3 10.6 0.2 1.4
1605 5.6 10.0 0.2 1.4
1615 5.5 9.8 0.2 1.4
1625 5.4 9.7 0.2 1.4
1635 5.7 10.0 0.3 1.4
1645 5.4 9.7 0.2 1.4
1655 4.7 9.0 0.2 1.3
1665 4.0 8.2 0.2 1.2
1675 3.3 7.5 0.1 1.1
1685 3.2 7.4 0.1 1.1
1695 3.2 7.3 0.1 1.1
1705 3.7 7.9 0.1 1.1
1715 4.5 8.7 0.2 1.2
1725 5.3 9.6 0.2 1.3
1735 6.3 10.7 0.3 1.5
1745 6.7 11.1 0.3 1.6
1755 6.2 10.6 0.3 1.5
1765 6.1 10.5 0.2 1.5
1775 5.4 9.7 0.2 1.4
1785 4.8 9.1 0.2 1.3
1795 4.6 8.8 0.1 1.2
1805 4.1 8.3 0.1 1.2
1815 3.7 7.9 0.1 1.1
1825 3.6 7.8 0.1 1.1
1835 3.5 7.6 0.1 1.1
1845 3.8 7.9 0.1 1.1
1855 4.1 8.3 0.2 1.2
1865 4.9 9.2 0.2 1.3
1875 5.4 9.7 0.2 1.4
1885 5.6 9.9 0.3 1.4
1895 5.0 9.2 0.3 1.3
1905 4.3 8.5 0.2 1.2
1915 3.6 7.7 0.2 1.1
1925 3.2 7.2 0.2 1.1
1935 3.3 7.4 0.2 1.1
1945 3.4 7.6 0.2 1.1
1955 3.7 7.9 0.2 1.1
1965 4.6 8.8 0.1 1.2
1975 5.4 9.7 0.2 1.4
1985 5.5 9.8 0.5 1.5
1995 6.3 10.7 0.5 1.5
2005 7.4 11.8 0.8 1.8
2015 10.5 15.2 2.1 3.1
2025 10.2 14.9 1.7 2.8
2035 16.3 21.4 5.0 6.2
2045 17.5 22.8 5.2 6.5
2055 15.7 20.8 2.6 4.1
2065 17.9 23.2 2.6 4.4
2075 16.3 21.4 4.6 5.8
2085 10.6 15.3 1.7 2.8
2095 6.9 11.3 0.6 1.7
2105 4.2 8.4 0.5 1.3
2115 3.1 7.2 0.3 1.1
2125 3.2 7.3 0.2 1.1
2135 4.2 8.4 0.4 1.2
2145 3.0 7.1 0.5 1.2
2155 3.3 7.5 0.0 0.0
2165 3.7 7.8 0.4 1.2
2175 3.5 7.6 0.5 1.2
2185 3.4 7.5 0.6 1.2
2195 4.5 8.7 0.9 1.5
2205 3.9 8.1 0.7 1.4
2215 5.9 10.2 1.3 2.0
2225 3.8 8.0 0.8 1.4
2235 2.8 6.9 0.6 1.2
2245 3.0 7.1 0.8 1.3
2255 4.5 8.7 0.9 1.6
2265 3.7 7.9 0.0 0.0
2275 3.0 7.1 0.3 1.1
2285 2.9 7.0 0.5 1.2
2295 2.7 6.8 0.0 0.0
2305 2.6 6.7 0.0 0.0
2315 2.5 6.6 0.3 1.0
2325 4.0 8.2 0.8 1.4
2335 3.3 7.4 -1 -1
2345 3.5 7.6 -1 -1
2355 3.6 7.7 -1 -1
2365 3.4 7.6 -1 -1
2375 3.2 7.4 -1 -1
2385 3.1 7.2 -1 -1
2395 2.9 7.0 -1 -1
2405 2.8 6.9 -1 -1
2415 2.8 6.9 -1 -1
2425 2.8 6.9 -1 -1
2435 2.7 6.8 -1 -1
2445 2.7 6.7 -1 -1
2455 2.6 6.7 -1 -1
2465 2.7 6.8 -1 -1
2475 2.6 6.7 -1 -1
2485 2.7 6.8 -1 -1
2495 2.8 6.9 -1 -1
2505 3.0 7.2 -1 -1
2515 3.4 7.5 -1 -1
2525 3.6 7.8 -1 -1
2535 3.5 7.7 -1 -1
2545 3.4 7.5 -1 -1
2555 3.3 7.4 -1 -1
2565 2.8 6.9 -1 -1
2575 2.5 6.6 -1 -1
2585 2.4 6.5 -1 -1
2595 2.3 6.3 -1 -1
